(kicad_pcb (version 20171130) (host pcbnew "(5.0.1-3-g963ef8bb5)")

  (general
    (thickness 1.6)
    (drawings 4)
    (tracks 396)
    (zones 0)
    (modules 39)
    (nets 31)
  )

  (page A4)
  (layers
    (0 F.Cu signal)
    (31 B.Cu signal)
    (32 B.Adhes user)
    (33 F.Adhes user)
    (34 B.Paste user)
    (35 F.Paste user)
    (36 B.SilkS user)
    (37 F.SilkS user)
    (38 B.Mask user)
    (39 F.Mask user)
    (40 Dwgs.User user)
    (41 Cmts.User user)
    (42 Eco1.User user)
    (43 Eco2.User user)
    (44 Edge.Cuts user)
    (45 Margin user)
    (46 B.CrtYd user)
    (47 F.CrtYd user)
    (48 B.Fab user)
    (49 F.Fab user hide)
  )

  (setup
    (last_trace_width 1.016)
    (user_trace_width 0.254)
    (user_trace_width 0.508)
    (user_trace_width 0.62)
    (user_trace_width 0.6858)
    (user_trace_width 0.762)
    (user_trace_width 1.016)
    (user_trace_width 6.4516)
    (trace_clearance 0.2)
    (zone_clearance 0.508)
    (zone_45_only no)
    (trace_min 0.2)
    (segment_width 0.2)
    (edge_width 0.15)
    (via_size 0.8)
    (via_drill 0.4)
    (via_min_size 0.4)
    (via_min_drill 0.3)
    (uvia_size 0.3)
    (uvia_drill 0.1)
    (uvias_allowed no)
    (uvia_min_size 0.2)
    (uvia_min_drill 0.1)
    (pcb_text_width 0.3)
    (pcb_text_size 1.5 1.5)
    (mod_edge_width 0.15)
    (mod_text_size 1 1)
    (mod_text_width 0.15)
    (pad_size 1.524 1.524)
    (pad_drill 0.762)
    (pad_to_mask_clearance 0.051)
    (solder_mask_min_width 0.25)
    (aux_axis_origin 0 0)
    (visible_elements FFFFF77F)
    (pcbplotparams
      (layerselection 0x010fc_ffffffff)
      (usegerberextensions false)
      (usegerberattributes false)
      (usegerberadvancedattributes false)
      (creategerberjobfile false)
      (excludeedgelayer true)
      (linewidth 0.100000)
      (plotframeref false)
      (viasonmask false)
      (mode 1)
      (useauxorigin false)
      (hpglpennumber 1)
      (hpglpenspeed 20)
      (hpglpendiameter 15.000000)
      (psnegative false)
      (psa4output false)
      (plotreference true)
      (plotvalue true)
      (plotinvisibletext false)
      (padsonsilk false)
      (subtractmaskfromsilk false)
      (outputformat 1)
      (mirror false)
      (drillshape 1)
      (scaleselection 1)
      (outputdirectory ""))
  )

  (net 0 "")
  (net 1 IAP)
  (net 2 GNDA)
  (net 3 IAN)
  (net 4 VAP)
  (net 5 GNDD)
  (net 6 ICP)
  (net 7 ICN)
  (net 8 +3.3V)
  (net 9 VAN)
  (net 10 MOSI)
  (net 11 MISO)
  (net 12 SCLK)
  (net 13 ~CS)
  (net 14 IRQ1)
  (net 15 IRQ0)
  (net 16 WARN)
  (net 17 IA+)
  (net 18 IA-)
  (net 19 IC+)
  (net 20 IC-)
  (net 21 VIN)
  (net 22 /VIN_REC)
  (net 23 /SW)
  (net 24 /PG)
  (net 25 /LED)
  (net 26 /VREF)
  (net 27 /VDD18)
  (net 28 /~RESET)
  (net 29 /OSCI)
  (net 30 /OSCO)

  (net_class Default "This is the default net class."
    (clearance 0.2)
    (trace_width 0.25)
    (via_dia 0.8)
    (via_drill 0.4)
    (uvia_dia 0.3)
    (uvia_drill 0.1)
    (add_net +3.3V)
    (add_net /LED)
    (add_net /OSCI)
    (add_net /OSCO)
    (add_net /PG)
    (add_net /SW)
    (add_net /VDD18)
    (add_net /VIN_REC)
    (add_net /VREF)
    (add_net /~RESET)
    (add_net GNDA)
    (add_net GNDD)
    (add_net IA+)
    (add_net IA-)
    (add_net IAN)
    (add_net IAP)
    (add_net IC+)
    (add_net IC-)
    (add_net ICN)
    (add_net ICP)
    (add_net IRQ0)
    (add_net IRQ1)
    (add_net MISO)
    (add_net MOSI)
    (add_net SCLK)
    (add_net VAN)
    (add_net VAP)
    (add_net VIN)
    (add_net WARN)
    (add_net ~CS)
  )

  (module HappyDayEnergy:9Pin-bb (layer F.Cu) (tedit 5CE2C9FE) (tstamp 5D41D9C4)
    (at 128.91 98.33 180)
    (path /5CF96484)
    (fp_text reference J2 (at -3.76 -0.25 180) (layer F.SilkS)
      (effects (font (size 1 1) (thickness 0.25)))
    )
    (fp_text value Conn_01x09 (at 2.54 -3.8 180) (layer F.Fab)
      (effects (font (size 1 1) (thickness 0.15)))
    )
    (fp_line (start -2.54 -1.9) (end 22.86 -1.9) (layer F.SilkS) (width 0.05))
    (fp_line (start 22.86 -1.9) (end 22.86 1.9) (layer F.SilkS) (width 0.05))
    (fp_line (start 22.86 1.9) (end -2.54 1.9) (layer F.SilkS) (width 0.05))
    (fp_line (start -2.54 1.9) (end -2.54 -1.9) (layer F.SilkS) (width 0.05))
    (pad 1 thru_hole circle (at 0 0 180) (size 1.7 1.7) (drill 0.9) (layers *.Cu *.Mask)
      (net 8 +3.3V))
    (pad 2 thru_hole circle (at 2.54 0 180) (size 1.7 1.7) (drill 0.9) (layers *.Cu *.Mask)
      (net 10 MOSI))
    (pad 3 thru_hole circle (at 5.08 0 180) (size 1.7 1.7) (drill 0.9) (layers *.Cu *.Mask)
      (net 11 MISO))
    (pad 4 thru_hole circle (at 7.62 0 180) (size 1.7 1.7) (drill 0.9) (layers *.Cu *.Mask)
      (net 12 SCLK))
    (pad 5 thru_hole circle (at 10.16 0 180) (size 1.7 1.7) (drill 0.9) (layers *.Cu *.Mask)
      (net 13 ~CS))
    (pad 6 thru_hole circle (at 12.7 0 180) (size 1.7 1.7) (drill 0.9) (layers *.Cu *.Mask)
      (net 16 WARN))
    (pad 7 thru_hole circle (at 15.24 0 180) (size 1.7 1.7) (drill 0.9) (layers *.Cu *.Mask)
      (net 15 IRQ0))
    (pad 8 thru_hole circle (at 17.78 0 180) (size 1.7 1.7) (drill 0.9) (layers *.Cu *.Mask)
      (net 14 IRQ1))
    (pad 9 thru_hole circle (at 20.32 0 180) (size 1.7 1.7) (drill 0.9) (layers *.Cu *.Mask)
      (net 5 GNDD))
  )

  (module HappyDayEnergy:TPS62162DSGR (layer F.Cu) (tedit 5CE2CA34) (tstamp 5CE15C4C)
    (at 126.658 54.72199 270)
    (path /5CDFDAE8)
    (attr smd)
    (fp_text reference U3 (at -0.94199 -1.822) (layer F.SilkS)
      (effects (font (size 1 0.9) (thickness 0.225)))
    )
    (fp_text value TPS62162DSGR (at 1.02 -1.56 270) (layer F.SilkS) hide
      (effects (font (size 1 0.9) (thickness 0.05)))
    )
    (fp_line (start -0.254 -0.762) (end -0.254 4.572) (layer Eco2.User) (width 0.127))
    (fp_line (start -0.254 4.572) (end 7.874 4.572) (layer Eco2.User) (width 0.127))
    (fp_line (start 7.874 4.572) (end 7.874 -0.762) (layer Eco2.User) (width 0.127))
    (fp_line (start 7.874 -0.762) (end -0.254 -0.762) (layer Eco2.User) (width 0.127))
    (fp_circle (center 1.016 0) (end 1.27 0) (layer Eco2.User) (width 0.127))
    (pad 1 smd rect (at 0 0 270) (size 0.8 0.5) (layers F.Cu F.Paste F.Mask)
      (net 5 GNDD))
    (pad 2 smd rect (at 0 1.27 270) (size 0.8 0.5) (layers F.Cu F.Paste F.Mask)
      (net 22 /VIN_REC))
    (pad 3 smd rect (at 0 2.54 270) (size 0.8 0.5) (layers F.Cu F.Paste F.Mask)
      (net 22 /VIN_REC))
    (pad 4 smd rect (at 0 3.81 270) (size 0.8 0.5) (layers F.Cu F.Paste F.Mask)
      (net 2 GNDA))
    (pad 5 smd rect (at 7.62 3.81 270) (size 0.8 0.5) (layers F.Cu F.Paste F.Mask)
      (net 2 GNDA))
    (pad 6 smd rect (at 7.62 2.54 270) (size 0.8 0.5) (layers F.Cu F.Paste F.Mask)
      (net 8 +3.3V))
    (pad 7 smd rect (at 7.62 1.27 270) (size 0.8 0.5) (layers F.Cu F.Paste F.Mask)
      (net 23 /SW))
    (pad 8 smd rect (at 7.62 0 270) (size 0.8 0.5) (layers F.Cu F.Paste F.Mask)
      (net 24 /PG))
    (pad 9 smd rect (at 3.81 1.9 270) (size 4.6 4.6) (layers F.Cu F.Paste F.Mask)
      (net 2 GNDA))
  )

  (module PJ-002AH-SMT-TR:CUI_PJ-002AH-SMT-TR (layer F.Cu) (tedit 5CE2C9C3) (tstamp 5D41DA48)
    (at 112.83 65.28)
    (path /5CDEDA12)
    (attr smd)
    (fp_text reference J1 (at -8.98 -0.97) (layer F.SilkS)
      (effects (font (size 1.00098 1.00098) (thickness 0.250245)))
    )
    (fp_text value PJ-002AH-SMT-TR (at -3.76 8.38) (layer F.SilkS) hide
      (effects (font (size 1.00189 1.00189) (thickness 0.05)))
    )
    (fp_circle (center 0 -1.99) (end 0.2 -1.99) (layer F.SilkS) (width 0.4))
    (fp_line (start -11.1 1.2) (end -11.1 10.2) (layer Eco2.User) (width 0.127))
    (fp_line (start -11.1 10.2) (end 3.7 10.2) (layer Eco2.User) (width 0.127))
    (fp_line (start 3.7 10.2) (end 3.7 1.2) (layer Eco2.User) (width 0.127))
    (fp_line (start 3.7 1.2) (end -11.1 1.2) (layer Eco2.User) (width 0.127))
    (fp_line (start -11.1 1.2) (end -11.1 10.2) (layer F.SilkS) (width 0.127))
    (fp_line (start -11.1 10.2) (end -7.7 10.2) (layer F.SilkS) (width 0.127))
    (fp_line (start -4.5 10.2) (end -1.6 10.2) (layer F.SilkS) (width 0.127))
    (fp_line (start 1.6 10.2) (end 3.7 10.2) (layer F.SilkS) (width 0.127))
    (fp_line (start 3.7 10.2) (end 3.7 7) (layer F.SilkS) (width 0.127))
    (fp_line (start 3.7 7) (end 3.15 7) (layer F.SilkS) (width 0.127))
    (fp_line (start 3.15 7) (end 3.15 3.55) (layer F.SilkS) (width 0.127))
    (fp_line (start 3.15 3.55) (end 2.65 3.55) (layer F.SilkS) (width 0.127))
    (fp_line (start 2.65 3.55) (end 2.65 1.2) (layer F.SilkS) (width 0.127))
    (fp_line (start 2.65 1.2) (end 1.6 1.2) (layer F.SilkS) (width 0.127))
    (fp_line (start -1.6 1.2) (end -4.5 1.2) (layer F.SilkS) (width 0.127))
    (fp_line (start -7.7 1.2) (end -11.1 1.2) (layer F.SilkS) (width 0.127))
    (fp_line (start -11.35 0.95) (end -7.75 0.95) (layer Eco1.User) (width 0.05))
    (fp_line (start -7.75 0.95) (end -7.75 -1.45) (layer Eco1.User) (width 0.05))
    (fp_line (start -7.75 -1.45) (end -4.45 -1.45) (layer Eco1.User) (width 0.05))
    (fp_line (start -4.45 -1.45) (end -4.45 0.95) (layer Eco1.User) (width 0.05))
    (fp_line (start -4.45 0.95) (end -1.65 0.95) (layer Eco1.User) (width 0.05))
    (fp_line (start -1.65 0.95) (end -1.65 -1.45) (layer Eco1.User) (width 0.05))
    (fp_line (start -1.65 -1.45) (end 1.65 -1.45) (layer Eco1.User) (width 0.05))
    (fp_line (start 1.65 -1.45) (end 1.65 0.95) (layer Eco1.User) (width 0.05))
    (fp_line (start 1.65 0.95) (end 3.95 0.95) (layer Eco1.User) (width 0.05))
    (fp_line (start 3.95 0.95) (end 3.95 10.45) (layer Eco1.User) (width 0.05))
    (fp_line (start 3.95 10.45) (end 1.65 10.45) (layer Eco1.User) (width 0.05))
    (fp_line (start 1.65 10.45) (end 1.65 12.85) (layer Eco1.User) (width 0.05))
    (fp_line (start 1.65 12.85) (end -1.65 12.85) (layer Eco1.User) (width 0.05))
    (fp_line (start -1.65 12.85) (end -1.65 10.45) (layer Eco1.User) (width 0.05))
    (fp_line (start -1.65 10.45) (end -4.45 10.45) (layer Eco1.User) (width 0.05))
    (fp_line (start -4.45 10.45) (end -4.45 12.85) (layer Eco1.User) (width 0.05))
    (fp_line (start -4.45 12.85) (end -7.75 12.85) (layer Eco1.User) (width 0.05))
    (fp_line (start -7.75 12.85) (end -7.75 10.45) (layer Eco1.User) (width 0.05))
    (fp_line (start -7.75 10.45) (end -11.35 10.45) (layer Eco1.User) (width 0.05))
    (fp_line (start -11.35 10.45) (end -11.35 0.95) (layer Eco1.User) (width 0.05))
    (pad 1A smd rect (at 0 0) (size 2.8 2.4) (layers F.Cu F.Paste F.Mask)
      (net 21 VIN))
    (pad 1B smd rect (at -6.1 0) (size 2.8 2.4) (layers F.Cu F.Paste F.Mask)
      (net 21 VIN))
    (pad 2 smd rect (at -6.1 11.4) (size 2.8 2.4) (layers F.Cu F.Paste F.Mask)
      (net 2 GNDA))
    (pad 3 smd rect (at 0 11.4) (size 2.8 2.4) (layers F.Cu F.Paste F.Mask))
    (pad Hole np_thru_hole circle (at -6.1 5.7) (size 1.7 1.7) (drill 1.7) (layers *.Cu *.Mask F.SilkS))
    (pad Hole np_thru_hole circle (at -1.6 5.7) (size 1.8 1.8) (drill 1.8) (layers *.Cu *.Mask F.SilkS))
  )

  (module Capacitor_SMD:C_0805_2012Metric (layer F.Cu) (tedit 5B36C52B) (tstamp 5D41DDF6)
    (at 134.328 77.70199 270)
    (descr "Capacitor SMD 0805 (2012 Metric), square (rectangular) end terminal, IPC_7351 nominal, (Body size source: https://docs.google.com/spreadsheets/d/1BsfQQcO9C6DZCsRaXUlFlo91Tg2WpOkGARC1WS5S8t0/edit?usp=sharing), generated with kicad-footprint-generator")
    (tags capacitor)
    (path /5CDE0309)
    (attr smd)
    (fp_text reference C1 (at 0 -1.65 270) (layer F.SilkS)
      (effects (font (size 1 1) (thickness 0.15)))
    )
    (fp_text value .33u (at 0 1.65 270) (layer F.Fab)
      (effects (font (size 1 1) (thickness 0.15)))
    )
    (fp_text user %R (at 0 0 270) (layer F.Fab)
      (effects (font (size 0.5 0.5) (thickness 0.08)))
    )
    (fp_line (start 1.68 0.95) (end -1.68 0.95) (layer F.CrtYd) (width 0.05))
    (fp_line (start 1.68 -0.95) (end 1.68 0.95) (layer F.CrtYd) (width 0.05))
    (fp_line (start -1.68 -0.95) (end 1.68 -0.95) (layer F.CrtYd) (width 0.05))
    (fp_line (start -1.68 0.95) (end -1.68 -0.95) (layer F.CrtYd) (width 0.05))
    (fp_line (start -0.258578 0.71) (end 0.258578 0.71) (layer F.SilkS) (width 0.12))
    (fp_line (start -0.258578 -0.71) (end 0.258578 -0.71) (layer F.SilkS) (width 0.12))
    (fp_line (start 1 0.6) (end -1 0.6) (layer F.Fab) (width 0.1))
    (fp_line (start 1 -0.6) (end 1 0.6) (layer F.Fab) (width 0.1))
    (fp_line (start -1 -0.6) (end 1 -0.6) (layer F.Fab) (width 0.1))
    (fp_line (start -1 0.6) (end -1 -0.6) (layer F.Fab) (width 0.1))
    (pad 2 smd roundrect (at 0.9375 0 270) (size 0.975 1.4) (layers F.Cu F.Paste F.Mask) (roundrect_rratio 0.25)
      (net 1 IAP))
    (pad 1 smd roundrect (at -0.9375 0 270) (size 0.975 1.4) (layers F.Cu F.Paste F.Mask) (roundrect_rratio 0.25)
      (net 2 GNDA))
    (model ${KISYS3DMOD}/Capacitor_SMD.3dshapes/C_0805_2012Metric.wrl
      (at (xyz 0 0 0))
      (scale (xyz 1 1 1))
      (rotate (xyz 0 0 0))
    )
  )

  (module Capacitor_SMD:C_0805_2012Metric (layer F.Cu) (tedit 5B36C52B) (tstamp 5D41DDC6)
    (at 134.8776 73.67019 180)
    (descr "Capacitor SMD 0805 (2012 Metric), square (rectangular) end terminal, IPC_7351 nominal, (Body size source: https://docs.google.com/spreadsheets/d/1BsfQQcO9C6DZCsRaXUlFlo91Tg2WpOkGARC1WS5S8t0/edit?usp=sharing), generated with kicad-footprint-generator")
    (tags capacitor)
    (path /5CDE0383)
    (attr smd)
    (fp_text reference C2 (at 0 -1.65 180) (layer F.SilkS)
      (effects (font (size 1 1) (thickness 0.15)))
    )
    (fp_text value .33u (at 0 1.65 180) (layer F.Fab)
      (effects (font (size 1 1) (thickness 0.15)))
    )
    (fp_line (start -1 0.6) (end -1 -0.6) (layer F.Fab) (width 0.1))
    (fp_line (start -1 -0.6) (end 1 -0.6) (layer F.Fab) (width 0.1))
    (fp_line (start 1 -0.6) (end 1 0.6) (layer F.Fab) (width 0.1))
    (fp_line (start 1 0.6) (end -1 0.6) (layer F.Fab) (width 0.1))
    (fp_line (start -0.258578 -0.71) (end 0.258578 -0.71) (layer F.SilkS) (width 0.12))
    (fp_line (start -0.258578 0.71) (end 0.258578 0.71) (layer F.SilkS) (width 0.12))
    (fp_line (start -1.68 0.95) (end -1.68 -0.95) (layer F.CrtYd) (width 0.05))
    (fp_line (start -1.68 -0.95) (end 1.68 -0.95) (layer F.CrtYd) (width 0.05))
    (fp_line (start 1.68 -0.95) (end 1.68 0.95) (layer F.CrtYd) (width 0.05))
    (fp_line (start 1.68 0.95) (end -1.68 0.95) (layer F.CrtYd) (width 0.05))
    (fp_text user %R (at 0 0 180) (layer F.Fab)
      (effects (font (size 0.5 0.5) (thickness 0.08)))
    )
    (pad 1 smd roundrect (at -0.9375 0 180) (size 0.975 1.4) (layers F.Cu F.Paste F.Mask) (roundrect_rratio 0.25)
      (net 3 IAN))
    (pad 2 smd roundrect (at 0.9375 0 180) (size 0.975 1.4) (layers F.Cu F.Paste F.Mask) (roundrect_rratio 0.25)
      (net 2 GNDA))
    (model ${KISYS3DMOD}/Capacitor_SMD.3dshapes/C_0805_2012Metric.wrl
      (at (xyz 0 0 0))
      (scale (xyz 1 1 1))
      (rotate (xyz 0 0 0))
    )
  )

  (module 200uF_CAP:UCW1V100MCL1GS (layer F.Cu) (tedit 5CE2C9B4) (tstamp 5D41DD6E)
    (at 110.5132 57.71719 180)
    (path /5CDEE39F)
    (fp_text reference C3 (at -0.31 3.71 180) (layer F.SilkS)
      (effects (font (size 1 1) (thickness 0.15)))
    )
    (fp_text value 220uF/25V (at 0.31 -3.92 180) (layer F.SilkS) hide
      (effects (font (size 1 1) (thickness 0.15)))
    )
    (fp_text user "Copyright 2016 Accelerated Designs. All rights reserved." (at 0 0 180) (layer Cmts.User)
      (effects (font (size 0.127 0.127) (thickness 0.002)))
    )
    (fp_text user * (at 0 0 180) (layer F.SilkS)
      (effects (font (size 1 1) (thickness 0.15)))
    )
    (fp_text user * (at 0 0 180) (layer F.Fab)
      (effects (font (size 1 1) (thickness 0.15)))
    )
    (fp_line (start -4.3434 0) (end -5.1054 0) (layer F.Fab) (width 0.1524))
    (fp_line (start -4.7244 -0.381) (end -4.7244 0.381) (layer F.Fab) (width 0.1524))
    (fp_line (start -4.3434 0) (end -5.1054 0) (layer F.SilkS) (width 0.1524))
    (fp_line (start -4.7244 -0.381) (end -4.7244 0.381) (layer F.SilkS) (width 0.1524))
    (fp_line (start -2.7559 -1.37795) (end -1.37795 -2.7559) (layer F.Fab) (width 0.1524))
    (fp_line (start -2.7559 1.37795) (end -1.37795 2.7559) (layer F.Fab) (width 0.1524))
    (fp_line (start -2.8829 2.8829) (end 2.8829 2.8829) (layer F.SilkS) (width 0.1524))
    (fp_line (start 2.8829 2.8829) (end 2.8829 1.13284) (layer F.SilkS) (width 0.1524))
    (fp_line (start 2.8829 -2.8829) (end -2.8829 -2.8829) (layer F.SilkS) (width 0.1524))
    (fp_line (start -2.8829 -2.8829) (end -2.8829 -1.13284) (layer F.SilkS) (width 0.1524))
    (fp_line (start -2.7559 2.7559) (end 2.7559 2.7559) (layer F.Fab) (width 0.1524))
    (fp_line (start 2.7559 2.7559) (end 2.7559 -2.7559) (layer F.Fab) (width 0.1524))
    (fp_line (start 2.7559 -2.7559) (end -2.7559 -2.7559) (layer F.Fab) (width 0.1524))
    (fp_line (start -2.7559 -2.7559) (end -2.7559 2.7559) (layer F.Fab) (width 0.1524))
    (fp_line (start -2.8829 1.13284) (end -2.8829 2.8829) (layer F.SilkS) (width 0.1524))
    (fp_line (start 2.8829 -1.13284) (end 2.8829 -2.8829) (layer F.SilkS) (width 0.1524))
    (fp_line (start -3.8608 1.0541) (end -3.8608 -1.0541) (layer F.CrtYd) (width 0.1524))
    (fp_line (start -3.8608 -1.0541) (end -3.0099 -1.0541) (layer F.CrtYd) (width 0.1524))
    (fp_line (start -3.0099 -1.0541) (end -3.0099 -3.0099) (layer F.CrtYd) (width 0.1524))
    (fp_line (start -3.0099 -3.0099) (end 3.0099 -3.0099) (layer F.CrtYd) (width 0.1524))
    (fp_line (start 3.0099 -3.0099) (end 3.0099 -1.0541) (layer F.CrtYd) (width 0.1524))
    (fp_line (start 3.0099 -1.0541) (end 3.8608 -1.0541) (layer F.CrtYd) (width 0.1524))
    (fp_line (start 3.8608 -1.0541) (end 3.8608 1.0541) (layer F.CrtYd) (width 0.1524))
    (fp_line (start 3.8608 1.0541) (end 3.0099 1.0541) (layer F.CrtYd) (width 0.1524))
    (fp_line (start 3.0099 1.0541) (end 3.0099 3.0099) (layer F.CrtYd) (width 0.1524))
    (fp_line (start 3.0099 3.0099) (end -3.0099 3.0099) (layer F.CrtYd) (width 0.1524))
    (fp_line (start -3.0099 3.0099) (end -3.0099 1.0541) (layer F.CrtYd) (width 0.1524))
    (fp_line (start -3.0099 1.0541) (end -3.8608 1.0541) (layer F.CrtYd) (width 0.1524))
    (pad 1 smd rect (at -2.1463 0 180) (size 2.921 1.6002) (layers F.Cu F.Paste F.Mask)
      (net 22 /VIN_REC))
    (pad 2 smd rect (at 2.1463 0 180) (size 2.921 1.6002) (layers F.Cu F.Paste F.Mask)
      (net 2 GNDA))
  )

  (module Capacitor_SMD:C_0805_2012Metric (layer F.Cu) (tedit 5B36C52B) (tstamp 5D41DD2A)
    (at 121.728 81.19199 270)
    (descr "Capacitor SMD 0805 (2012 Metric), square (rectangular) end terminal, IPC_7351 nominal, (Body size source: https://docs.google.com/spreadsheets/d/1BsfQQcO9C6DZCsRaXUlFlo91Tg2WpOkGARC1WS5S8t0/edit?usp=sharing), generated with kicad-footprint-generator")
    (tags capacitor)
    (path /5CE46126)
    (attr smd)
    (fp_text reference C4 (at -2.39199 -0.172) (layer F.SilkS)
      (effects (font (size 1 1) (thickness 0.15)))
    )
    (fp_text value .033uF (at 0 1.65 270) (layer F.Fab)
      (effects (font (size 1 1) (thickness 0.15)))
    )
    (fp_text user %R (at 0 0 270) (layer F.Fab)
      (effects (font (size 0.5 0.5) (thickness 0.08)))
    )
    (fp_line (start 1.68 0.95) (end -1.68 0.95) (layer F.CrtYd) (width 0.05))
    (fp_line (start 1.68 -0.95) (end 1.68 0.95) (layer F.CrtYd) (width 0.05))
    (fp_line (start -1.68 -0.95) (end 1.68 -0.95) (layer F.CrtYd) (width 0.05))
    (fp_line (start -1.68 0.95) (end -1.68 -0.95) (layer F.CrtYd) (width 0.05))
    (fp_line (start -0.258578 0.71) (end 0.258578 0.71) (layer F.SilkS) (width 0.12))
    (fp_line (start -0.258578 -0.71) (end 0.258578 -0.71) (layer F.SilkS) (width 0.12))
    (fp_line (start 1 0.6) (end -1 0.6) (layer F.Fab) (width 0.1))
    (fp_line (start 1 -0.6) (end 1 0.6) (layer F.Fab) (width 0.1))
    (fp_line (start -1 -0.6) (end 1 -0.6) (layer F.Fab) (width 0.1))
    (fp_line (start -1 0.6) (end -1 -0.6) (layer F.Fab) (width 0.1))
    (pad 2 smd roundrect (at 0.9375 0 270) (size 0.975 1.4) (layers F.Cu F.Paste F.Mask) (roundrect_rratio 0.25)
      (net 4 VAP))
    (pad 1 smd roundrect (at -0.9375 0 270) (size 0.975 1.4) (layers F.Cu F.Paste F.Mask) (roundrect_rratio 0.25)
      (net 5 GNDD))
    (model ${KISYS3DMOD}/Capacitor_SMD.3dshapes/C_0805_2012Metric.wrl
      (at (xyz 0 0 0))
      (scale (xyz 1 1 1))
      (rotate (xyz 0 0 0))
    )
  )

  (module Capacitor_SMD:C_0805_2012Metric (layer F.Cu) (tedit 5B36C52B) (tstamp 5D41DCFA)
    (at 134.1428 66.02239 90)
    (descr "Capacitor SMD 0805 (2012 Metric), square (rectangular) end terminal, IPC_7351 nominal, (Body size source: https://docs.google.com/spreadsheets/d/1BsfQQcO9C6DZCsRaXUlFlo91Tg2WpOkGARC1WS5S8t0/edit?usp=sharing), generated with kicad-footprint-generator")
    (tags capacitor)
    (path /5CDE482B)
    (attr smd)
    (fp_text reference C5 (at 0 -1.65 90) (layer F.SilkS)
      (effects (font (size 1 1) (thickness 0.15)))
    )
    (fp_text value .33u (at 0 1.65 90) (layer F.Fab)
      (effects (font (size 1 1) (thickness 0.15)))
    )
    (fp_text user %R (at 0 0 90) (layer F.Fab)
      (effects (font (size 0.5 0.5) (thickness 0.08)))
    )
    (fp_line (start 1.68 0.95) (end -1.68 0.95) (layer F.CrtYd) (width 0.05))
    (fp_line (start 1.68 -0.95) (end 1.68 0.95) (layer F.CrtYd) (width 0.05))
    (fp_line (start -1.68 -0.95) (end 1.68 -0.95) (layer F.CrtYd) (width 0.05))
    (fp_line (start -1.68 0.95) (end -1.68 -0.95) (layer F.CrtYd) (width 0.05))
    (fp_line (start -0.258578 0.71) (end 0.258578 0.71) (layer F.SilkS) (width 0.12))
    (fp_line (start -0.258578 -0.71) (end 0.258578 -0.71) (layer F.SilkS) (width 0.12))
    (fp_line (start 1 0.6) (end -1 0.6) (layer F.Fab) (width 0.1))
    (fp_line (start 1 -0.6) (end 1 0.6) (layer F.Fab) (width 0.1))
    (fp_line (start -1 -0.6) (end 1 -0.6) (layer F.Fab) (width 0.1))
    (fp_line (start -1 0.6) (end -1 -0.6) (layer F.Fab) (width 0.1))
    (pad 2 smd roundrect (at 0.9375 0 90) (size 0.975 1.4) (layers F.Cu F.Paste F.Mask) (roundrect_rratio 0.25)
      (net 6 ICP))
    (pad 1 smd roundrect (at -0.9375 0 90) (size 0.975 1.4) (layers F.Cu F.Paste F.Mask) (roundrect_rratio 0.25)
      (net 2 GNDA))
    (model ${KISYS3DMOD}/Capacitor_SMD.3dshapes/C_0805_2012Metric.wrl
      (at (xyz 0 0 0))
      (scale (xyz 1 1 1))
      (rotate (xyz 0 0 0))
    )
  )

  (module Capacitor_SMD:C_0805_2012Metric (layer F.Cu) (tedit 5B36C52B) (tstamp 5D41DCCA)
    (at 134.3528 55.87239 180)
    (descr "Capacitor SMD 0805 (2012 Metric), square (rectangular) end terminal, IPC_7351 nominal, (Body size source: https://docs.google.com/spreadsheets/d/1BsfQQcO9C6DZCsRaXUlFlo91Tg2WpOkGARC1WS5S8t0/edit?usp=sharing), generated with kicad-footprint-generator")
    (tags capacitor)
    (path /5CDE4832)
    (attr smd)
    (fp_text reference C6 (at 0 -1.65 180) (layer F.SilkS)
      (effects (font (size 1 1) (thickness 0.15)))
    )
    (fp_text value .33u (at 0 1.65 180) (layer F.Fab)
      (effects (font (size 1 1) (thickness 0.15)))
    )
    (fp_line (start -1 0.6) (end -1 -0.6) (layer F.Fab) (width 0.1))
    (fp_line (start -1 -0.6) (end 1 -0.6) (layer F.Fab) (width 0.1))
    (fp_line (start 1 -0.6) (end 1 0.6) (layer F.Fab) (width 0.1))
    (fp_line (start 1 0.6) (end -1 0.6) (layer F.Fab) (width 0.1))
    (fp_line (start -0.258578 -0.71) (end 0.258578 -0.71) (layer F.SilkS) (width 0.12))
    (fp_line (start -0.258578 0.71) (end 0.258578 0.71) (layer F.SilkS) (width 0.12))
    (fp_line (start -1.68 0.95) (end -1.68 -0.95) (layer F.CrtYd) (width 0.05))
    (fp_line (start -1.68 -0.95) (end 1.68 -0.95) (layer F.CrtYd) (width 0.05))
    (fp_line (start 1.68 -0.95) (end 1.68 0.95) (layer F.CrtYd) (width 0.05))
    (fp_line (start 1.68 0.95) (end -1.68 0.95) (layer F.CrtYd) (width 0.05))
    (fp_text user %R (at 0 0 180) (layer F.Fab)
      (effects (font (size 0.5 0.5) (thickness 0.08)))
    )
    (pad 1 smd roundrect (at -0.9375 0 180) (size 0.975 1.4) (layers F.Cu F.Paste F.Mask) (roundrect_rratio 0.25)
      (net 7 ICN))
    (pad 2 smd roundrect (at 0.9375 0 180) (size 0.975 1.4) (layers F.Cu F.Paste F.Mask) (roundrect_rratio 0.25)
      (net 2 GNDA))
    (model ${KISYS3DMOD}/Capacitor_SMD.3dshapes/C_0805_2012Metric.wrl
      (at (xyz 0 0 0))
      (scale (xyz 1 1 1))
      (rotate (xyz 0 0 0))
    )
  )

  (module Capacitor_SMD:C_0805_2012Metric (layer F.Cu) (tedit 5CE06E9B) (tstamp 5D41EB50)
    (at 128.698 68.28199 270)
    (descr "Capacitor SMD 0805 (2012 Metric), square (rectangular) end terminal, IPC_7351 nominal, (Body size source: https://docs.google.com/spreadsheets/d/1BsfQQcO9C6DZCsRaXUlFlo91Tg2WpOkGARC1WS5S8t0/edit?usp=sharing), generated with kicad-footprint-generator")
    (tags capacitor)
    (path /5CE11F10)
    (attr smd)
    (fp_text reference C7 (at -0.34199 1.578 90) (layer F.SilkS)
      (effects (font (size 1 1) (thickness 0.15)))
    )
    (fp_text value 22uF/25V (at -2.3875 0.19) (layer F.Fab)
      (effects (font (size 1 1) (thickness 0.15)))
    )
    (fp_line (start -1 0.6) (end -1 -0.6) (layer F.Fab) (width 0.1))
    (fp_line (start -1 -0.6) (end 1 -0.6) (layer F.Fab) (width 0.1))
    (fp_line (start 1 -0.6) (end 1 0.6) (layer F.Fab) (width 0.1))
    (fp_line (start 1 0.6) (end -1 0.6) (layer F.Fab) (width 0.1))
    (fp_line (start -0.258578 -0.71) (end 0.258578 -0.71) (layer F.SilkS) (width 0.12))
    (fp_line (start -0.258578 0.71) (end 0.258578 0.71) (layer F.SilkS) (width 0.12))
    (fp_line (start -1.68 0.95) (end -1.68 -0.95) (layer F.CrtYd) (width 0.05))
    (fp_line (start -1.68 -0.95) (end 1.68 -0.95) (layer F.CrtYd) (width 0.05))
    (fp_line (start 1.68 -0.95) (end 1.68 0.95) (layer F.CrtYd) (width 0.05))
    (fp_line (start 1.68 0.95) (end -1.68 0.95) (layer F.CrtYd) (width 0.05))
    (fp_text user %R (at 0 0 270) (layer F.Fab)
      (effects (font (size 0.5 0.5) (thickness 0.08)))
    )
    (pad 1 smd roundrect (at -0.9375 0 270) (size 0.975 1.4) (layers F.Cu F.Paste F.Mask) (roundrect_rratio 0.25)
      (net 8 +3.3V))
    (pad 2 smd roundrect (at 0.9375 0 270) (size 0.975 1.4) (layers F.Cu F.Paste F.Mask) (roundrect_rratio 0.25)
      (net 2 GNDA))
    (model ${KISYS3DMOD}/Capacitor_SMD.3dshapes/C_0805_2012Metric.wrl
      (at (xyz 0 0 0))
      (scale (xyz 1 1 1))
      (rotate (xyz 0 0 0))
    )
  )

  (module Capacitor_SMD:C_0805_2012Metric (layer F.Cu) (tedit 5B36C52B) (tstamp 5D41DC6A)
    (at 124.878 89.53199 180)
    (descr "Capacitor SMD 0805 (2012 Metric), square (rectangular) end terminal, IPC_7351 nominal, (Body size source: https://docs.google.com/spreadsheets/d/1BsfQQcO9C6DZCsRaXUlFlo91Tg2WpOkGARC1WS5S8t0/edit?usp=sharing), generated with kicad-footprint-generator")
    (tags capacitor)
    (path /5CEB134C)
    (attr smd)
    (fp_text reference C8 (at -2.54 -0.07 270) (layer F.SilkS)
      (effects (font (size 1 1) (thickness 0.15)))
    )
    (fp_text value .1u (at 0 1.65 180) (layer F.Fab)
      (effects (font (size 1 1) (thickness 0.15)))
    )
    (fp_line (start -1 0.6) (end -1 -0.6) (layer F.Fab) (width 0.1))
    (fp_line (start -1 -0.6) (end 1 -0.6) (layer F.Fab) (width 0.1))
    (fp_line (start 1 -0.6) (end 1 0.6) (layer F.Fab) (width 0.1))
    (fp_line (start 1 0.6) (end -1 0.6) (layer F.Fab) (width 0.1))
    (fp_line (start -0.258578 -0.71) (end 0.258578 -0.71) (layer F.SilkS) (width 0.12))
    (fp_line (start -0.258578 0.71) (end 0.258578 0.71) (layer F.SilkS) (width 0.12))
    (fp_line (start -1.68 0.95) (end -1.68 -0.95) (layer F.CrtYd) (width 0.05))
    (fp_line (start -1.68 -0.95) (end 1.68 -0.95) (layer F.CrtYd) (width 0.05))
    (fp_line (start 1.68 -0.95) (end 1.68 0.95) (layer F.CrtYd) (width 0.05))
    (fp_line (start 1.68 0.95) (end -1.68 0.95) (layer F.CrtYd) (width 0.05))
    (fp_text user %R (at 0 0 180) (layer F.Fab)
      (effects (font (size 0.5 0.5) (thickness 0.08)))
    )
    (pad 1 smd roundrect (at -0.9375 0 180) (size 0.975 1.4) (layers F.Cu F.Paste F.Mask) (roundrect_rratio 0.25)
      (net 5 GNDD))
    (pad 2 smd roundrect (at 0.9375 0 180) (size 0.975 1.4) (layers F.Cu F.Paste F.Mask) (roundrect_rratio 0.25)
      (net 8 +3.3V))
    (model ${KISYS3DMOD}/Capacitor_SMD.3dshapes/C_0805_2012Metric.wrl
      (at (xyz 0 0 0))
      (scale (xyz 1 1 1))
      (rotate (xyz 0 0 0))
    )
  )

  (module Capacitor_SMD:C_0805_2012Metric (layer F.Cu) (tedit 5B36C52B) (tstamp 5D41DC3A)
    (at 124.778 84.96199)
    (descr "Capacitor SMD 0805 (2012 Metric), square (rectangular) end terminal, IPC_7351 nominal, (Body size source: https://docs.google.com/spreadsheets/d/1BsfQQcO9C6DZCsRaXUlFlo91Tg2WpOkGARC1WS5S8t0/edit?usp=sharing), generated with kicad-footprint-generator")
    (tags capacitor)
    (path /5CDDCF23)
    (attr smd)
    (fp_text reference C9 (at 2.922 0.42801 90) (layer F.SilkS)
      (effects (font (size 1 1) (thickness 0.15)))
    )
    (fp_text value 10u (at 0 1.65) (layer F.Fab)
      (effects (font (size 1 1) (thickness 0.15)))
    )
    (fp_text user %R (at 0 0) (layer F.Fab)
      (effects (font (size 0.5 0.5) (thickness 0.08)))
    )
    (fp_line (start 1.68 0.95) (end -1.68 0.95) (layer F.CrtYd) (width 0.05))
    (fp_line (start 1.68 -0.95) (end 1.68 0.95) (layer F.CrtYd) (width 0.05))
    (fp_line (start -1.68 -0.95) (end 1.68 -0.95) (layer F.CrtYd) (width 0.05))
    (fp_line (start -1.68 0.95) (end -1.68 -0.95) (layer F.CrtYd) (width 0.05))
    (fp_line (start -0.258578 0.71) (end 0.258578 0.71) (layer F.SilkS) (width 0.12))
    (fp_line (start -0.258578 -0.71) (end 0.258578 -0.71) (layer F.SilkS) (width 0.12))
    (fp_line (start 1 0.6) (end -1 0.6) (layer F.Fab) (width 0.1))
    (fp_line (start 1 -0.6) (end 1 0.6) (layer F.Fab) (width 0.1))
    (fp_line (start -1 -0.6) (end 1 -0.6) (layer F.Fab) (width 0.1))
    (fp_line (start -1 0.6) (end -1 -0.6) (layer F.Fab) (width 0.1))
    (pad 2 smd roundrect (at 0.9375 0) (size 0.975 1.4) (layers F.Cu F.Paste F.Mask) (roundrect_rratio 0.25)
      (net 5 GNDD))
    (pad 1 smd roundrect (at -0.9375 0) (size 0.975 1.4) (layers F.Cu F.Paste F.Mask) (roundrect_rratio 0.25)
      (net 26 /VREF))
    (model ${KISYS3DMOD}/Capacitor_SMD.3dshapes/C_0805_2012Metric.wrl
      (at (xyz 0 0 0))
      (scale (xyz 1 1 1))
      (rotate (xyz 0 0 0))
    )
  )

  (module Capacitor_SMD:C_0805_2012Metric (layer F.Cu) (tedit 5B36C52B) (tstamp 5D41DC0A)
    (at 124.908 82.71199)
    (descr "Capacitor SMD 0805 (2012 Metric), square (rectangular) end terminal, IPC_7351 nominal, (Body size source: https://docs.google.com/spreadsheets/d/1BsfQQcO9C6DZCsRaXUlFlo91Tg2WpOkGARC1WS5S8t0/edit?usp=sharing), generated with kicad-footprint-generator")
    (tags capacitor)
    (path /5CDDCEFB)
    (attr smd)
    (fp_text reference C10 (at 2.872 -0.14199 90) (layer F.SilkS)
      (effects (font (size 1 1) (thickness 0.15)))
    )
    (fp_text value .1u (at 0 1.65) (layer F.Fab)
      (effects (font (size 1 1) (thickness 0.15)))
    )
    (fp_line (start -1 0.6) (end -1 -0.6) (layer F.Fab) (width 0.1))
    (fp_line (start -1 -0.6) (end 1 -0.6) (layer F.Fab) (width 0.1))
    (fp_line (start 1 -0.6) (end 1 0.6) (layer F.Fab) (width 0.1))
    (fp_line (start 1 0.6) (end -1 0.6) (layer F.Fab) (width 0.1))
    (fp_line (start -0.258578 -0.71) (end 0.258578 -0.71) (layer F.SilkS) (width 0.12))
    (fp_line (start -0.258578 0.71) (end 0.258578 0.71) (layer F.SilkS) (width 0.12))
    (fp_line (start -1.68 0.95) (end -1.68 -0.95) (layer F.CrtYd) (width 0.05))
    (fp_line (start -1.68 -0.95) (end 1.68 -0.95) (layer F.CrtYd) (width 0.05))
    (fp_line (start 1.68 -0.95) (end 1.68 0.95) (layer F.CrtYd) (width 0.05))
    (fp_line (start 1.68 0.95) (end -1.68 0.95) (layer F.CrtYd) (width 0.05))
    (fp_text user %R (at 0 0) (layer F.Fab)
      (effects (font (size 0.5 0.5) (thickness 0.08)))
    )
    (pad 1 smd roundrect (at -0.9375 0) (size 0.975 1.4) (layers F.Cu F.Paste F.Mask) (roundrect_rratio 0.25)
      (net 26 /VREF))
    (pad 2 smd roundrect (at 0.9375 0) (size 0.975 1.4) (layers F.Cu F.Paste F.Mask) (roundrect_rratio 0.25)
      (net 5 GNDD))
    (model ${KISYS3DMOD}/Capacitor_SMD.3dshapes/C_0805_2012Metric.wrl
      (at (xyz 0 0 0))
      (scale (xyz 1 1 1))
      (rotate (xyz 0 0 0))
    )
  )

  (module Capacitor_SMD:C_0805_2012Metric (layer F.Cu) (tedit 5B36C52B) (tstamp 5D41DBDA)
    (at 135.1272 89.70319 90)
    (descr "Capacitor SMD 0805 (2012 Metric), square (rectangular) end terminal, IPC_7351 nominal, (Body size source: https://docs.google.com/spreadsheets/d/1BsfQQcO9C6DZCsRaXUlFlo91Tg2WpOkGARC1WS5S8t0/edit?usp=sharing), generated with kicad-footprint-generator")
    (tags capacitor)
    (path /5CFC10B7)
    (attr smd)
    (fp_text reference C11 (at 2.4812 0.0908 180) (layer F.SilkS)
      (effects (font (size 1 1) (thickness 0.15)))
    )
    (fp_text value 10u (at 0 1.65 90) (layer F.Fab)
      (effects (font (size 1 1) (thickness 0.15)))
    )
    (fp_text user %R (at 0 0 90) (layer F.Fab)
      (effects (font (size 0.5 0.5) (thickness 0.08)))
    )
    (fp_line (start 1.68 0.95) (end -1.68 0.95) (layer F.CrtYd) (width 0.05))
    (fp_line (start 1.68 -0.95) (end 1.68 0.95) (layer F.CrtYd) (width 0.05))
    (fp_line (start -1.68 -0.95) (end 1.68 -0.95) (layer F.CrtYd) (width 0.05))
    (fp_line (start -1.68 0.95) (end -1.68 -0.95) (layer F.CrtYd) (width 0.05))
    (fp_line (start -0.258578 0.71) (end 0.258578 0.71) (layer F.SilkS) (width 0.12))
    (fp_line (start -0.258578 -0.71) (end 0.258578 -0.71) (layer F.SilkS) (width 0.12))
    (fp_line (start 1 0.6) (end -1 0.6) (layer F.Fab) (width 0.1))
    (fp_line (start 1 -0.6) (end 1 0.6) (layer F.Fab) (width 0.1))
    (fp_line (start -1 -0.6) (end 1 -0.6) (layer F.Fab) (width 0.1))
    (fp_line (start -1 0.6) (end -1 -0.6) (layer F.Fab) (width 0.1))
    (pad 2 smd roundrect (at 0.9375 0 90) (size 0.975 1.4) (layers F.Cu F.Paste F.Mask) (roundrect_rratio 0.25)
      (net 8 +3.3V))
    (pad 1 smd roundrect (at -0.9375 0 90) (size 0.975 1.4) (layers F.Cu F.Paste F.Mask) (roundrect_rratio 0.25)
      (net 5 GNDD))
    (model ${KISYS3DMOD}/Capacitor_SMD.3dshapes/C_0805_2012Metric.wrl
      (at (xyz 0 0 0))
      (scale (xyz 1 1 1))
      (rotate (xyz 0 0 0))
    )
  )

  (module Capacitor_SMD:C_0805_2012Metric (layer F.Cu) (tedit 5B36C52B) (tstamp 5D41DBAA)
    (at 115.7 79.36 180)
    (descr "Capacitor SMD 0805 (2012 Metric), square (rectangular) end terminal, IPC_7351 nominal, (Body size source: https://docs.google.com/spreadsheets/d/1BsfQQcO9C6DZCsRaXUlFlo91Tg2WpOkGARC1WS5S8t0/edit?usp=sharing), generated with kicad-footprint-generator")
    (tags capacitor)
    (path /5CE82120)
    (attr smd)
    (fp_text reference C12 (at -0.23 1.82 180) (layer F.SilkS)
      (effects (font (size 1 1) (thickness 0.15)))
    )
    (fp_text value 18n (at 0 1.65 180) (layer F.Fab)
      (effects (font (size 1 1) (thickness 0.15)))
    )
    (fp_line (start -1 0.6) (end -1 -0.6) (layer F.Fab) (width 0.1))
    (fp_line (start -1 -0.6) (end 1 -0.6) (layer F.Fab) (width 0.1))
    (fp_line (start 1 -0.6) (end 1 0.6) (layer F.Fab) (width 0.1))
    (fp_line (start 1 0.6) (end -1 0.6) (layer F.Fab) (width 0.1))
    (fp_line (start -0.258578 -0.71) (end 0.258578 -0.71) (layer F.SilkS) (width 0.12))
    (fp_line (start -0.258578 0.71) (end 0.258578 0.71) (layer F.SilkS) (width 0.12))
    (fp_line (start -1.68 0.95) (end -1.68 -0.95) (layer F.CrtYd) (width 0.05))
    (fp_line (start -1.68 -0.95) (end 1.68 -0.95) (layer F.CrtYd) (width 0.05))
    (fp_line (start 1.68 -0.95) (end 1.68 0.95) (layer F.CrtYd) (width 0.05))
    (fp_line (start 1.68 0.95) (end -1.68 0.95) (layer F.CrtYd) (width 0.05))
    (fp_text user %R (at 0 0 180) (layer F.Fab)
      (effects (font (size 0.5 0.5) (thickness 0.08)))
    )
    (pad 1 smd roundrect (at -0.9375 0 180) (size 0.975 1.4) (layers F.Cu F.Paste F.Mask) (roundrect_rratio 0.25)
      (net 9 VAN))
    (pad 2 smd roundrect (at 0.9375 0 180) (size 0.975 1.4) (layers F.Cu F.Paste F.Mask) (roundrect_rratio 0.25)
      (net 5 GNDD))
    (model ${KISYS3DMOD}/Capacitor_SMD.3dshapes/C_0805_2012Metric.wrl
      (at (xyz 0 0 0))
      (scale (xyz 1 1 1))
      (rotate (xyz 0 0 0))
    )
  )

  (module Capacitor_SMD:C_0805_2012Metric (layer F.Cu) (tedit 5B36C52B) (tstamp 5D41DB7A)
    (at 131.3518 89.71479 90)
    (descr "Capacitor SMD 0805 (2012 Metric), square (rectangular) end terminal, IPC_7351 nominal, (Body size source: https://docs.google.com/spreadsheets/d/1BsfQQcO9C6DZCsRaXUlFlo91Tg2WpOkGARC1WS5S8t0/edit?usp=sharing), generated with kicad-footprint-generator")
    (tags capacitor)
    (path /5CEBC921)
    (attr smd)
    (fp_text reference C13 (at 2.5628 -0.0438 180) (layer F.SilkS)
      (effects (font (size 1 1) (thickness 0.15)))
    )
    (fp_text value .1u (at 0 1.65 90) (layer F.Fab)
      (effects (font (size 1 1) (thickness 0.15)))
    )
    (fp_text user %R (at 0 0 90) (layer F.Fab)
      (effects (font (size 0.5 0.5) (thickness 0.08)))
    )
    (fp_line (start 1.68 0.95) (end -1.68 0.95) (layer F.CrtYd) (width 0.05))
    (fp_line (start 1.68 -0.95) (end 1.68 0.95) (layer F.CrtYd) (width 0.05))
    (fp_line (start -1.68 -0.95) (end 1.68 -0.95) (layer F.CrtYd) (width 0.05))
    (fp_line (start -1.68 0.95) (end -1.68 -0.95) (layer F.CrtYd) (width 0.05))
    (fp_line (start -0.258578 0.71) (end 0.258578 0.71) (layer F.SilkS) (width 0.12))
    (fp_line (start -0.258578 -0.71) (end 0.258578 -0.71) (layer F.SilkS) (width 0.12))
    (fp_line (start 1 0.6) (end -1 0.6) (layer F.Fab) (width 0.1))
    (fp_line (start 1 -0.6) (end 1 0.6) (layer F.Fab) (width 0.1))
    (fp_line (start -1 -0.6) (end 1 -0.6) (layer F.Fab) (width 0.1))
    (fp_line (start -1 0.6) (end -1 -0.6) (layer F.Fab) (width 0.1))
    (pad 2 smd roundrect (at 0.9375 0 90) (size 0.975 1.4) (layers F.Cu F.Paste F.Mask) (roundrect_rratio 0.25)
      (net 8 +3.3V))
    (pad 1 smd roundrect (at -0.9375 0 90) (size 0.975 1.4) (layers F.Cu F.Paste F.Mask) (roundrect_rratio 0.25)
      (net 5 GNDD))
    (model ${KISYS3DMOD}/Capacitor_SMD.3dshapes/C_0805_2012Metric.wrl
      (at (xyz 0 0 0))
      (scale (xyz 1 1 1))
      (rotate (xyz 0 0 0))
    )
  )

  (module Capacitor_SMD:C_0805_2012Metric (layer F.Cu) (tedit 5B36C52B) (tstamp 5D41DB4A)
    (at 125.16 93.51)
    (descr "Capacitor SMD 0805 (2012 Metric), square (rectangular) end terminal, IPC_7351 nominal, (Body size source: https://docs.google.com/spreadsheets/d/1BsfQQcO9C6DZCsRaXUlFlo91Tg2WpOkGARC1WS5S8t0/edit?usp=sharing), generated with kicad-footprint-generator")
    (tags capacitor)
    (path /5CED58D4)
    (attr smd)
    (fp_text reference C14 (at 0 -1.65) (layer F.SilkS)
      (effects (font (size 1 1) (thickness 0.15)))
    )
    (fp_text value 10u (at 0 1.65) (layer F.Fab)
      (effects (font (size 1 1) (thickness 0.15)))
    )
    (fp_line (start -1 0.6) (end -1 -0.6) (layer F.Fab) (width 0.1))
    (fp_line (start -1 -0.6) (end 1 -0.6) (layer F.Fab) (width 0.1))
    (fp_line (start 1 -0.6) (end 1 0.6) (layer F.Fab) (width 0.1))
    (fp_line (start 1 0.6) (end -1 0.6) (layer F.Fab) (width 0.1))
    (fp_line (start -0.258578 -0.71) (end 0.258578 -0.71) (layer F.SilkS) (width 0.12))
    (fp_line (start -0.258578 0.71) (end 0.258578 0.71) (layer F.SilkS) (width 0.12))
    (fp_line (start -1.68 0.95) (end -1.68 -0.95) (layer F.CrtYd) (width 0.05))
    (fp_line (start -1.68 -0.95) (end 1.68 -0.95) (layer F.CrtYd) (width 0.05))
    (fp_line (start 1.68 -0.95) (end 1.68 0.95) (layer F.CrtYd) (width 0.05))
    (fp_line (start 1.68 0.95) (end -1.68 0.95) (layer F.CrtYd) (width 0.05))
    (fp_text user %R (at 0 0) (layer F.Fab)
      (effects (font (size 0.5 0.5) (thickness 0.08)))
    )
    (pad 1 smd roundrect (at -0.9375 0) (size 0.975 1.4) (layers F.Cu F.Paste F.Mask) (roundrect_rratio 0.25)
      (net 27 /VDD18))
    (pad 2 smd roundrect (at 0.9375 0) (size 0.975 1.4) (layers F.Cu F.Paste F.Mask) (roundrect_rratio 0.25)
      (net 5 GNDD))
    (model ${KISYS3DMOD}/Capacitor_SMD.3dshapes/C_0805_2012Metric.wrl
      (at (xyz 0 0 0))
      (scale (xyz 1 1 1))
      (rotate (xyz 0 0 0))
    )
  )

  (module Capacitor_SMD:C_0805_2012Metric (layer F.Cu) (tedit 5B36C52B) (tstamp 5CE28750)
    (at 110.78 93.53 90)
